-0.166666666666667 -0.166666666666667 0.000000000000000
-0.168145000000000 -0.168145980000000 0.000000980000000
-0.169232426666667 -0.169234346666667 0.000001920000000
-0.169904226666667 -0.169907046666667 0.000002820000000
-0.170135200000000 -0.170138880000000 0.000003680000000
-0.169899666666667 -0.169904166666667 0.000004500000000
-0.169171466666667 -0.169176746666667 0.000005280000000
-0.167923960000000 -0.167929980000000 0.000006020000000
-0.166130026666667 -0.166136746666667 0.000006720000000
-0.163762066666667 -0.163769446666667 0.000007380000000
-0.160792000000000 -0.160800000000000 0.000008000000000
-0.157191266666667 -0.157199846666667 0.000008580000000
-0.152930826666667 -0.152939946666667 0.000009120000000
-0.147981160000000 -0.147990780000000 0.000009620000000
-0.142312266666666 -0.142322346666667 0.000010080000000
-0.135893666666666 -0.135904166666667 0.000010500000000
-0.128694400000000 -0.128705280000000 0.000010880000000
-0.120683026666666 -0.120694246666667 0.000011220000000
-0.111827626666666 -0.111839146666667 0.000011520000000
-0.102095800000000 -0.102107580000000 0.000011780000000
-0.091454666666666 -0.091466666666667 0.000012000000000
-0.079870866666666 -0.079883046666667 0.000012180000000
-0.067310560000000 -0.067322880000000 0.000012320000000
-0.053739426666666 -0.053751846666667 0.000012420000000
-0.039122666666666 -0.039135146666667 0.000012480000000
-0.023425000000000 -0.023437500000000 0.000012500000000
-0.006610666666666 -0.006623146666667 0.000012480000000
0.011356573333334 0.011344153333333 0.000012420000000
0.030513440000000 0.030501120000000 0.000012320000000
0.050897133333334 0.050884953333333 0.000012180000000
0.072545333333334 0.072533333333333 0.000012000000000
0.095496200000000 0.095484420000000 0.000011780000000
0.119788373333334 0.119776853333333 0.000011520000000
0.145460973333334 0.145449753333333 0.000011220000000
0.172553600000000 0.172542720000000 0.000010880000000
0.201106333333334 0.201095833333334 0.000010500000000
0.231159733333334 0.231149653333333 0.000010080000000
0.262754840000000 0.262745220000000 0.000009620000001
0.295933173333334 0.295924053333333 0.000009120000001
0.330736733333334 0.330728153333333 0.000008580000000
0.367208000000000 0.367200000000000 0.000008000000000
0.405389933333334 0.405382553333334 0.000007380000000
0.445325973333334 0.445319253333333 0.000006720000001
0.487060040000000 0.487054020000000 0.000006020000001
0.530636533333333 0.530631253333333 0.000005280000000
0.576100333333333 0.576095833333333 0.000004500000000
0.623496800000000 0.623493120000000 0.000003680000001
0.672871773333333 0.672868953333333 0.000002820000000
0.724271573333333 0.724269653333333 0.000001920000000
0.777743000000000 0.777742020000000 0.000000980000000
0.833333333333333 0.833333333333333 0.000000000000000
